   9.4850499999999993     
         256
    0.1671310593E+01    0.8519001738E+01    0.6664764936E+01
    0.5471987689E+01    0.9239851053E+01    0.3044622508E+01
    0.6118333734E+01    0.9189034444E+01    0.7894044490E+01
    0.1033431872E+01    0.8514115755E+01    0.7792003340E+01
    0.9241361192E+01    0.2484476897E+01    0.9296873239E+01
    0.1275595431E+01    0.6597422616E+00    0.1778353553E+01
    0.8514650479E+01    0.9302615527E+01    0.1272272119E+01
    0.5905990113E+01    0.4637557080E+01    0.1259893709E+01
    0.3037521869E+01    0.5506614723E+00    0.9076671547E+01
    0.2644142426E+01    0.1429746872E+01    0.2556142893E+01
    0.6843956528E+01    0.2217610103E+01    0.3152189960E+01
    0.7422847076E+01    0.1321872186E+01    0.7578640533E+00
    0.2485133728E+01    0.2305701775E+01    0.8736138688E+01
    0.6952883817E+01    0.9083750464E+01    0.8565795261E+01
    0.1955364413E+01    0.5029521719E+00    0.8922483698E+01
    0.7874810262E+01    0.2306025886E+01    0.6891416858E+01
    0.9850776752E+00    0.1764144788E+01    0.6475352183E+01
    0.9880752154E+00    0.9194892031E+01    0.5557112458E+01
    0.2139830992E+01    0.3127346985E+00    0.4581639971E+01
    0.4853627419E+01    0.2801214629E+01    0.8529257923E+01
    0.8320850275E+01    0.1847565603E+01    0.3535815052E+00
    0.6560768542E+01    0.1138739840E+01    0.8489933732E+01
    0.2560834147E+01    0.3453314042E+00    0.8066123123E+01
    0.2032477539E+01    0.8960500579E+01    0.8800728135E+01
    0.6938421405E+01    0.2588351086E+00    0.7630723478E+01
    0.3809020054E+01    0.9948452846E+00    0.5840957351E+01
    0.6738860495E+01    0.1834244563E+01    0.6393504041E+01
    0.2069815675E+01    0.2767191696E+01    0.4124369542E+01
    0.7800810130E+01    0.9384575036E+01    0.6126437365E+01
    0.3967932997E+00    0.1568775999E+01    0.4917432821E+01
    0.4304295890E+01    0.2557488562E+01    0.6469086248E+01
    0.4529043635E+01    0.8054447495E+01    0.8020930281E+01
    0.1198303048E+01    0.2070164692E+01    0.5402285990E+01
    0.8205880762E+01    0.7030022456E+00    0.3945394414E+01
    0.4229100668E+01    0.9464739519E+01    0.5213943150E+01
    0.2993081410E+01    0.1695009224E+01    0.5596564375E+01
    0.6870403137E+01    0.1191519774E-01    0.6523045916E+01
    0.7580772218E+01    0.3107492880E+01    0.2548651014E+01
    0.5251634284E+01    0.8754659557E+01    0.8503626425E+01
    0.6531683083E+01    0.9124700925E+01    0.4777032733E+01
    0.1424007675E+01    0.1146090849E+01    0.7950378474E+01
    0.7306994054E+01    0.8976170058E+01    0.2947553020E+01
    0.9263498752E+01    0.1594487736E+01    0.2636080743E+01
    0.7068979424E+01    0.6904515412E+00    0.5552174582E+01
    0.8491663114E+01    0.2515686567E+01    0.2960466936E+01
    0.3464183545E+01    0.1456534140E+01    0.8846053047E+01
    0.8187285035E+01    0.1239377406E+01    0.2940077777E+01
    0.4240024573E+01    0.9184705629E+01    0.7877992703E+01
    0.1787706199E+01    0.2956180198E+01    0.5191354900E+01
    0.8819372920E+01    0.8466672128E+01    0.7527648469E+00
    0.2878518684E+01    0.8945798042E+01    0.5937624943E+01
    0.5112426873E+01    0.1441318358E+01    0.6771693054E+00
    0.7423037184E+01    0.4113422363E+00    0.1396154306E+01
    0.8133260679E+01    0.9477891597E+01    0.3417575919E+00
    0.4038381954E+01    0.9261077150E+00    0.4193836920E+00
    0.3780206625E+01    0.4194988060E+00    0.3338701031E+01
    0.7158563028E+01    0.7709320511E+00    0.4414237571E+01
    0.5534847541E+01    0.1054145428E+01    0.8872156310E+01
    0.3553865934E+01    0.9334503426E+01    0.3797368315E+00
    0.6203209030E+01    0.8387918695E+01    0.9169416364E+01
    0.2713848203E+01    0.2429429398E+01    0.7067006480E+01
    0.1557368793E+01    0.1922946782E+01    0.8175762555E+00
    0.7389614562E+01    0.5661270368E+00    0.3271205792E+01
    0.3162847616E+01    0.1914178958E+01    0.7839145624E+01
    0.6325789668E+01    0.1322190250E+01    0.5816162698E-01
    0.4347605875E+01    0.9478784919E+00    0.7055100864E+01
    0.1628543131E+00    0.1203067052E+00    0.1456155257E+01
    0.5170881211E+01    0.3329990306E+00    0.7874364219E+01
    0.6930796894E+01    0.9435170194E+00    0.6881879012E+01
    0.6024104841E+00    0.1230993604E+01    0.6296166501E+00
    0.7765964998E+01    0.2075496936E+01    0.2306235098E+01
    0.8086532846E+01    0.7502379483E+00    0.5076054921E+01
    0.8951408776E+00    0.8542567194E+00    0.5706950939E+01
    0.3342537170E+01    0.4766469187E+00    0.6755026809E+01
    0.9079843255E+01    0.1363770319E+01    0.6661104511E+01
    0.5975782606E+01    0.8712617794E+01    0.6301275860E+01
    0.7918239304E+00    0.2027221050E+01    0.8600741514E+01
    0.7533823978E+01    0.9266019191E+01    0.4767890468E+01
    0.7733665368E+01    0.1655701976E+01    0.3754546730E+01
    0.8871181832E+01    0.1041703439E+01    0.7763448400E+01
    0.3116014546E+01    0.7299800092E+01    0.7249463243E+01
    0.5873239457E+01    0.2395105547E+01    0.4539651238E+01
    0.5050648201E+01    0.4061962702E+00    0.6419491361E+01
    0.8182850321E+01    0.2727484729E+01    0.4665121261E+01
    0.7605209806E+01    0.2765986866E+01    0.3628604737E+01
    0.5288731520E+01    0.2383847187E+01    0.1544306209E+01
    0.7849951474E+01    0.1305666831E+01    0.6348492703E+01
    0.5463495729E+01    0.1259671294E+01    0.7279023820E+01
    0.4294634788E+01    0.1969090411E+01    0.7695218374E+01
    0.2088111206E+01    0.8298097605E+01    0.7694623666E+01
    0.2134517201E+01    0.1365887496E+01    0.5041499274E+01
    0.4761840721E+00    0.9270056484E+01    0.8504120520E+01
    0.6870214128E+01    0.2348350280E+01    0.8710741752E+01
    0.5695807059E+01    0.2191321042E+01    0.6738396351E+01
    0.1080900383E+01    0.9418939780E+01    0.1007479730E+01
    0.3978303136E+01    0.8209648578E+01    0.9186693631E+01
    0.8054282308E+01    0.2481337780E+01    0.5797440121E+01
    0.5502750932E+01    0.8805715489E+00    0.3197970217E+01
    0.4391060068E+01    0.1521010593E+01    0.1448041225E+01
    0.7821361904E+01    0.3476709277E+01    0.8602278613E+01
    0.5270873894E+01    0.1596271670E+01    0.2420520346E+01
    0.3538445460E+01    0.2692543303E+01    0.8866408464E+01
    0.4363252276E+00    0.5957215287E+00    0.7394334857E+01
    0.2483259012E+01    0.7768282179E+00    0.6027541831E+01
    0.3515917213E+01    0.1792556796E+01    0.8178178901E+00
    0.5140139918E+01    0.8904710422E+01    0.7224105664E+01
    0.3782750967E+01    0.2507724732E+01    0.3909221152E+01
    0.8280897072E+01    0.2789006485E+01    0.7851800927E+01
    0.5939559709E+01    0.1211505825E+01    0.6359436485E+01
    0.1749152600E+01    0.1976993951E+01    0.7248136934E+01
    0.6652903688E+01    0.2410035411E+01    0.7541607668E+01
    0.5673430798E+01    0.7862337138E+00    0.1877305699E+01
    0.1449873210E+01    0.1544024749E+01    0.9099047799E+01
    0.1947962902E+01    0.2054153072E+01    0.3136019815E+01
    0.1562285775E+01    0.8417034228E+00    0.5751988148E+00
    0.5349529747E+01    0.1136408433E+01    0.5396431940E+01
    0.1383575144E+01    0.7648639974E+01    0.7285998074E+01
    0.3408872051E+01    0.9138961400E+01    0.8643453769E+01
    0.7861204988E+01    0.8974085436E+01    0.1980351772E+01
    0.3461558065E+01    0.8185980437E+00    0.4250778070E+01
    0.4619000850E+01    0.1469591249E+01    0.3522038909E+01
    0.6012301717E+01    0.2596353626E+01    0.6439719399E+00
    0.3822379341E+01    0.1131593711E-01    0.2281152714E+01
    0.4410394321E+01    0.4074982267E+00    0.8755610487E+01
    0.7345067872E+01    0.8949348178E+01    0.9495618425E+00
    0.3151881820E+01    0.9095375274E+01    0.7515587612E+01
    0.6950728994E+01    0.8713127835E+01    0.5753054833E+01
    0.6381151138E+01    0.1818833763E+01    0.5412991070E+01
    0.6550571327E+01    0.1836211246E+00    0.2543608170E+01
    0.2018725509E+01    0.1778359460E+01    0.6150782907E+01
    0.5581952662E+01    0.1240462127E+01    0.4286117863E+01
    0.6065946219E+01    0.2680048129E+00    0.5841864475E+01
    0.3255760054E+01    0.9038629865E+01    0.3883110943E+01
    0.9404559959E+01    0.2703598475E+01    0.8198894912E+01
    0.7492544015E+01    0.1696574114E+01    0.5130841615E+01
    0.3396820725E+01    0.1573327321E+01    0.3553133830E+01
    0.8620860815E+01    0.1749269305E+01    0.4965759293E+01
    0.2310442523E+00    0.3636794341E+01    0.2517848140E+00
    0.5040673001E+00    0.4681197720E+01    0.9135985219E+01
    0.7374644137E+01    0.1672944222E+01    0.7806187492E+01
    0.3361370447E+01    0.2953560654E+01    0.3006105233E+01
    0.4816612898E+01    0.1717681607E+01    0.6228386028E+01
    0.7120017083E+01    0.8628134042E+01    0.7152340516E+01
    0.7561999814E+00    0.3026045860E+01    0.5367506372E+01
    0.2253988270E+01    0.2010366600E+00    0.1366310306E+01
    0.8951180727E+01    0.8327405331E+00    0.9624990456E+00
    0.5009232503E+01    0.8926215862E+01    0.5781375457E+01
    0.9134979371E+01    0.2434923291E+00    0.6419547687E+01
    0.9293115374E+01    0.2206653683E+01    0.1600793461E+01
    0.7788747192E+01    0.7207015531E+00    0.8058243804E+01
    0.4823698616E+01    0.3591811497E+00    0.2295296803E+01
    0.4883063733E+01    0.2027561978E+01    0.5006740035E+01
    0.2360292610E+01    0.1361207994E+01    0.8339372634E+01
    0.6413782938E+01    0.1200902734E+01    0.3429804972E+01
    0.8190508634E+01    0.2975448539E+01    0.1757540934E+00
    0.4755118150E+01    0.1215558383E+01    0.8148977863E+01
    0.6099468403E+01    0.3495208823E+00    0.3913712202E+01
    0.6536093155E+01    0.8162424742E+01    0.7994913334E+01
    0.5592279750E+01    0.2079294500E+01    0.3343435633E+01
    0.4131373770E+01    0.9411392438E+01    0.6322577153E+01
    0.2803238598E+01    0.8701509326E+01    0.2145007268E+00
    0.6086855195E+01    0.3271549676E+01    0.8427487637E+01
    0.6797104872E+01    0.1780710310E+01    0.4250155139E+01
    0.5696349347E+01    0.5869844390E+00    0.6808213696E+00
    0.5923466075E+01    0.1895006857E+01    0.8025463290E+01
    0.5353552643E+01    0.9410811573E+01    0.4579619315E+01
    0.8020397277E+01    0.4707115783E+00    0.6930773491E+01
    0.7950227273E+01    0.8374372189E+01    0.8208633614E+01
    0.3500042483E+00    0.8442119222E+01    0.1172358970E+01
    0.5787676633E+01    0.2160533068E+01    0.9131688119E+01
    0.2557615330E+01    0.3749315510E+00    0.2345561011E+01
    0.9022136450E+01    0.7626735534E+00    0.5472013997E+01
    0.1642849286E+01    0.2829853723E+01    0.6357127127E+01
    0.1136236012E+01    0.1253816445E+01    0.2909615553E+01
    0.8493824708E+01    0.9252207821E+01    0.5330244343E+01
    0.2981166531E+01    0.1963962417E+01    0.4635591410E+01
    0.7306558019E+00    0.2221567097E+01    0.3358269726E+00
    0.6769367815E+01    0.2944335577E+00    0.3360895372E+00
    0.6060258661E+01    0.1482969640E+01    0.9807308925E+00
    0.3604417961E+01    0.7169819128E+00    0.1572330427E+01
    0.8242218467E+00    0.2450052036E+01    0.7476879005E+01
    0.1293075711E+01    0.1923346712E+01    0.2052849484E+01
    0.9367974262E+01    0.1099789028E+00    0.3712287130E+00
    0.8746112692E+01    0.2123901280E+01    0.3999079321E+01
    0.8142928543E+01    0.2322474193E+01    0.1328553099E+01
    0.8212163904E+01    0.9158706501E+01    0.3481332365E+01
    0.4528418780E+01    0.1503964643E+01    0.9186884685E+01
    0.6450777130E+00    0.2579969452E+01    0.4356116361E+01
    0.1379609044E+01    0.9297792053E+00    0.6906361804E+01
    0.6784272244E+00    0.5685277403E-01    0.6494770987E+01
    0.3874781562E+00    0.4270964093E+00    0.5008100447E+01
    0.3042153602E+00    0.4235217956E+00    0.2595361504E+01
    0.6032828597E+01    0.2430419928E-01    0.8943157982E+01
    0.5092929565E+01    0.6458479444E-01    0.9392760048E+01
    0.1060560307E+01    0.9029949222E+00    0.4171654098E+01
    0.8627592470E+01    0.3498146458E+01    0.1842504574E+01
    0.1104570201E+00    0.2607187851E+01    0.3109739390E+01
    0.3473632692E+00    0.1486172132E+01    0.7832466976E+01
    0.4630157373E+01    0.1844390642E+00    0.1201082110E+01
    0.9645926594E+00    0.2370258792E+00    0.9484025494E+01
    0.9269917115E+01    0.1151100670E+01    0.9431442610E+01
    0.5863107411E+01    0.9180950823E+01    0.1757140291E+01
    0.3424216300E+01    0.1892137026E+01    0.1899015271E+01
    0.2900634950E+01    0.6233227185E+00    0.6868467788E+00
    0.8799275203E+01    0.9391362516E+01    0.7452123462E+01
    0.1432154581E+01    0.1896541996E+01    0.4403123632E+01
    0.2768848039E+01    0.4944815864E+00    0.3488509222E+01
    0.2366905377E+01    0.1438078095E+01    0.3900115917E+01
    0.3157866610E+01    0.8102945879E+01    0.8024393326E+01
    0.5797312605E+01    0.9031126089E+01    0.6811230070E+00
    0.1209286344E+01    0.9307870574E+01    0.2530599846E+01
    0.5985234552E+01    0.3588924984E+00    0.6997760483E+01
    0.9059123236E+01    0.1731181721E+01    0.8568406420E+01
    0.3630618964E+01    0.8312233145E+01    0.6954071847E+01
    0.8090893128E+01    0.2208087199E+01    0.8727614364E+01
    0.8963525868E+01    0.3086215704E+00    0.8457242667E+01
    0.3278930836E+01    0.1608160351E+01    0.6797271591E+01
    0.9077932518E+01    0.2976676057E+01    0.7054388545E+01
    0.3744801217E+00    0.1313328640E+01    0.1656069041E+01
    0.3952056982E+01    0.1260569099E+01    0.2641190890E+01
    0.4630742625E+01    0.8547917190E+01    0.3894150091E+01
    0.3713043268E+00    0.1629299221E+01    0.3653683434E+01
    0.7453686535E+00    0.8079150113E+01    0.2100493983E+01
    0.8359159645E+01    0.1054003658E+01    0.1841218277E+01
    0.4362487525E+01    0.2351371407E+01    0.2842128224E+01
    0.3406698780E+01    0.3535087022E+01    0.4000545508E+01
    0.9126681572E+01    0.8122405768E+00    0.3335268065E+01
    0.9478474512E+01    0.8316102979E+01    0.8330308166E+01
    0.4743585202E+00    0.2677385635E+01    0.6468406009E+01
    0.2518991841E+01    0.1127960207E+01    0.7303627870E+01
    0.2988759264E+01    0.2442740961E+00    0.5204152640E+01
    0.4530249048E+01    0.9482991178E+00    0.4686567677E+01
    0.4306167294E+01    0.2442119258E+01    0.3586745311E+00
    0.4140530875E-01    0.2116749421E+01    0.5739155780E+01
    0.2317176088E+00    0.8395782068E+01    0.6224733980E+01
    0.2472240226E+01    0.1434728058E+01    0.9934984654E-01
    0.3594733109E+01    0.5735195999E+00    0.7966614285E+01
    0.7891799602E+01    0.9464699339E+01    0.8872941178E+01
    0.6322514173E+01    0.1512996051E+01    0.2250198936E+01
    0.9483184886E+01    0.8666129877E+01    0.9430209602E+01
    0.7292994657E+01    0.1252373412E+01    0.1974950571E+01
    0.8712666520E+01    0.2609334063E+00    0.2372566271E+01
    0.2016239096E+01    0.9422696282E+01    0.3464442693E+00
    0.9044728093E+01    0.9821293608E+00    0.4389178166E+01
    0.6211320409E+01    0.7725739103E+00    0.4976457300E+01
    0.7416281572E+01    0.1215932635E+01    0.9151083214E+01
    0.1589128086E+01    0.2495637756E-01    0.7714102796E+01
    0.1572758335E+01    0.8560558054E+01    0.1529288764E+01
    0.7306107621E+01    0.2228810676E+01    0.1797726006E+00
    0.3149647016E+01    0.9095715037E+01    0.1515325469E+01
    0.2165861496E+01    0.1302963968E+01    0.1317068007E+01
    0.1639452353E+01    0.4016403018E+00    0.3309467971E+01
    0.2317321836E+01    0.1146351339E+00    0.6799332319E+01
    0.6154960353E+00    0.7808684459E+00    0.8557935259E+01
    0.1201463902E+01    0.8456847178E+01    0.8960726981E+01
    0.6856483901E+01    0.2100810455E+01    0.1326475705E+01
