   12.000000000000000     
          64
    0.2232271731E+01    0.7954260372E+01    0.6416126580E+01
    0.5444584111E+01    0.2548654388E+01    0.7685788982E+01
    0.1755470950E+00    0.1040951841E+02    0.3349766208E+01
    0.7159235142E+01    0.2823167370E+00    0.7150489130E+01
    0.9911533838E+01    0.4674452252E+01    0.3803820300E-01
    0.1006528706E+02    0.9409622703E+01    0.1251075316E+01
    0.4297200618E+01    0.9624402819E+01    0.1168062359E+02
    0.8839986935E+01    0.4762257607E+01    0.3610056540E+01
    0.1957661915E+01    0.1212029421E+01    0.1428674808E+01
    0.5768785500E-01    0.8867034894E+01    0.9269460740E+01
    0.9813419001E+01    0.1990448567E+01    0.1197329986E+02
    0.5352560525E+01    0.5950051177E+01    0.5265623457E+01
    0.5337767377E+01    0.8836840864E+01    0.1816973083E+01
    0.9540784636E+01    0.6777149610E+01    0.7228785958E+01
    0.1039425825E+02    0.5994564567E+01    0.5074962875E+01
    0.7871240765E+01    0.6458910720E+01    0.4549063529E+01
    0.1140277030E+02    0.1023587797E+02    0.9568777290E+01
    0.7340771512E+01    0.6690144340E+01    0.1660513960E+00
    0.8482803147E+01    0.4431404390E+01    0.7925224290E+01
    0.5340726830E+01    0.7968032530E+00    0.6830525303E+01
    0.8788777310E+01    0.6834296358E+01    0.1008532830E+02
    0.8400246695E+01    0.8477121842E+01    0.4008824317E+01
    0.1078076414E+02    0.1160775524E+02    0.2627237969E+01
    0.8481854524E+01    0.9430242340E+01    0.5879268793E+01
    0.5525905564E+01    0.1169079437E+02    0.6454310082E+01
    0.7468666918E+01    0.7732765537E+01    0.9434839131E+01
    0.7582892709E+01    0.4025538365E+01    0.2489254370E+01
    0.5228502599E+01    0.7155613470E+00    0.8749921672E+01
    0.6858249580E+01    0.1045004677E+02    0.8694724220E+00
    0.1143532411E+02    0.7638181104E+01    0.7931795585E+01
    0.2904128119E+01    0.4896707758E+01    0.8804785360E+00
    0.1033066154E+01    0.1165165800E+02    0.1017676197E+02
    0.7227089204E+01    0.5562581514E+01    0.5060913878E+01
    0.3439020124E+01    0.3465032586E+01    0.3961535635E+01
    0.4254074020E+01    0.8137362681E+01    0.2981346080E+01
    0.4974104282E+01    0.6264044649E+01    0.2277874500E+00
    0.9213366715E+01    0.4742486065E+01    0.5999009129E+01
    0.2932552118E+01    0.5980040870E+01    0.6130286424E+01
    0.6128575858E+01    0.5127324867E+01    0.5045530513E+01
    0.1689579636E+01    0.3613606994E+01    0.1087462316E+02
    0.3695844017E+01    0.5293183220E+01    0.5203743081E+01
    0.9085419254E+01    0.6550692198E+01    0.1162574490E+02
    0.4908822843E+01    0.5476886931E+01    0.8488102026E+01
    0.2507691128E+01    0.9111366336E+01    0.7937516431E+01
    0.1032421356E+02    0.7881076611E+01    0.5740551892E+01
    0.1005592756E+02    0.9718861403E+01    0.6748266474E+01
    0.2780004970E+00    0.3821215588E+01    0.9064900735E+01
    0.5916358148E+01    0.2376747048E+01    0.8763638398E+01
    0.8263076990E+01    0.7422367651E+01    0.2382126765E+01
    0.4277812608E+01    0.7918786642E+01    0.7719201462E+01
    0.1168425448E+02    0.5553375096E+01    0.1104770810E+02
    0.1164623445E+02    0.3266092490E+00    0.9889291423E+01
    0.4288157981E+01    0.3412620936E+01    0.6682918535E+01
    0.9025231681E+01    0.3477274760E+00    0.1431147304E+01
    0.4415275383E+01    0.7738610379E+01    0.9014608285E+01
    0.1047302610E+00    0.6424919819E+01    0.3701667484E+01
    0.6139989262E+01    0.2978935636E+01    0.6666388475E+01
    0.2359771991E+01    0.5038046714E+01    0.8282491345E+01
    0.2969207223E+01    0.7239616420E+01    0.7706280467E+01
    0.9743569753E+01    0.1469462851E+01    0.2025022832E+01
    0.1832896339E+01    0.1128800896E+02    0.2713213158E+01
    0.5087399754E+01    0.6040379653E+01    0.7091061037E+01
    0.4227682420E+00    0.1855927742E+01    0.7816276735E+01
    0.3421377315E+01    0.1763487336E+01    0.3201907196E+01
