   6.0120240480961923E-003   0.0000000000000000     
   1.8036072144288578E-002   0.0000000000000000     
   3.0060120240480961E-002   0.0000000000000000     
   4.2084168336673347E-002   0.0000000000000000     
   5.4108216432865730E-002   0.0000000000000000     
   6.6132264529058113E-002   0.0000000000000000     
   7.8156312625250496E-002   0.0000000000000000     
   9.0180360721442879E-002   0.0000000000000000     
  0.10220440881763528        0.0000000000000000     
  0.11422845691382766        0.0000000000000000     
  0.12625250501002003        0.0000000000000000     
  0.13827655310621242        0.0000000000000000     
  0.15030060120240482        0.0000000000000000     
  0.16232464929859719        0.0000000000000000     
  0.17434869739478959        0.0000000000000000     
  0.18637274549098196        0.0000000000000000     
  0.19839679358717435        0.0000000000000000     
  0.21042084168336672        0.0000000000000000     
  0.22244488977955912        0.0000000000000000     
  0.23446893787575149        0.0000000000000000     
  0.24649298597194388        0.0000000000000000     
  0.25851703406813625        0.0000000000000000     
  0.27054108216432865        0.0000000000000000     
  0.28256513026052105        0.0000000000000000     
  0.29458917835671344        0.0000000000000000     
  0.30661322645290578        0.0000000000000000     
  0.31863727454909818        0.0000000000000000     
  0.33066132264529058        0.0000000000000000     
  0.34268537074148298        0.0000000000000000     
  0.35470941883767537        0.0000000000000000     
  0.36673346693386771        0.0000000000000000     
  0.37875751503006011        0.0000000000000000     
  0.39078156312625251        0.0000000000000000     
  0.40280561122244490        0.0000000000000000     
  0.41482965931863724        0.0000000000000000     
  0.42685370741482964        0.0000000000000000     
  0.43887775551102204        0.0000000000000000     
  0.45090180360721444        0.0000000000000000     
  0.46292585170340683        0.0000000000000000     
  0.47494989979959917        0.0000000000000000     
  0.48697394789579157        0.0000000000000000     
  0.49899799599198397        0.0000000000000000     
  0.51102204408817631        0.0000000000000000     
  0.52304609218436870        0.0000000000000000     
  0.53507014028056110        0.0000000000000000     
  0.54709418837675350        0.0000000000000000     
  0.55911823647294590        0.0000000000000000     
  0.57114228456913829        0.0000000000000000     
  0.58316633266533069        0.0000000000000000     
  0.59519038076152309        0.0000000000000000     
  0.60721442885771537        0.0000000000000000     
  0.61923847695390777        0.0000000000000000     
  0.63126252505010017        0.0000000000000000     
  0.64328657314629256        0.0000000000000000     
  0.65531062124248496        0.0000000000000000     
  0.66733466933867736        0.0000000000000000     
  0.67935871743486975        0.0000000000000000     
  0.69138276553106215        0.0000000000000000     
  0.70340681362725455        0.0000000000000000     
  0.71543086172344683        0.0000000000000000     
  0.72745490981963923        0.0000000000000000     
  0.73947895791583163        0.0000000000000000     
  0.75150300601202402        0.0000000000000000     
  0.76352705410821642        0.0000000000000000     
  0.77555110220440882        0.0000000000000000     
  0.78757515030060121        0.0000000000000000     
  0.79959919839679361        0.0000000000000000     
  0.81162324649298601        0.0000000000000000     
  0.82364729458917840        0.0000000000000000     
  0.83567134268537069        0.0000000000000000     
  0.84769539078156309        6.3279809384610645E-003
  0.85971943887775548        4.6141613633725433E-003
  0.87174348697394788        1.6455098000940489E-002
  0.88376753507014028        4.2209218075960932E-002
  0.89579158316633267       0.10625096515231022     
  0.90781563126252507       0.17794268707630678     
  0.91983967935871747       0.25124836170223386     
  0.93186372745490986       0.34037260920531331     
  0.94388777555110215       0.42362695262571615     
  0.95591182364729455       0.61084664802404853     
  0.96793587174348694       0.69162103995208557     
  0.97995991983967934       0.86415745413982104     
  0.99198396793587174       0.97618961002640969     
   1.0040080160320641        1.0183575676169361     
   1.0160320641282565        1.0692799657341459     
   1.0280561122244489        1.1993014911236735     
   1.0400801603206413        1.2074625319154952     
   1.0521042084168337        1.2457493070782972     
   1.0641282565130261        1.3141325447862637     
   1.0761523046092185        1.3752391682256619     
   1.0881763527054109        1.3238944923233575     
   1.1002004008016031        1.3721272567675986     
   1.1122244488977955        1.4427884055108000     
   1.1242484969939879        1.3311440041238187     
   1.1362725450901803        1.3506672713633756     
   1.1482965931863727        1.3802930682467938     
   1.1603206412825651        1.3459238545189922     
   1.1723446893787575        1.3962078976251560     
   1.1843687374749499        1.4109553362548282     
   1.1963927855711423        1.3271417732175652     
   1.2084168336673347        1.3133185010867126     
   1.2204408817635271        1.2745930913835557     
   1.2324649298597194        1.3209434345953119     
   1.2444889779559118        1.2529684326569199     
   1.2565130260521042        1.2715852765774238     
   1.2685370741482966        1.2786776978066037     
   1.2805611222444890        1.1979315916803053     
   1.2925851703406814        1.2152120875946797     
   1.3046092184368738        1.1541755604979400     
   1.3166332665330662        1.1922115052405295     
   1.3286573146292584        1.2428550331867023     
   1.3406813627254508        1.1706968757845828     
   1.3527054108216432        1.1667515054809972     
   1.3647294589178356        1.1835155354659412     
   1.3767535070140280        1.1791266795815676     
   1.3887775551102204        1.1859106833416617     
   1.4008016032064128        1.1795434486985046     
   1.4128256513026052        1.1612602427264553     
   1.4248496993987976        1.1232652852649505     
   1.4368737474949900        1.1452905478902062     
   1.4488977955911824        1.0846635586769477     
   1.4609218436873748        1.0961779186084104     
   1.4729458917835672        1.1061253120106649     
   1.4849699398797596        1.0867383794518453     
   1.4969939879759520        1.1292102423580821     
   1.5090180360721444        1.0853266739505845     
   1.5210420841683367        1.0873986455648061     
   1.5330661322645291        1.0549302751223626     
   1.5450901803607213        1.0742895090173732     
   1.5571142284569137        1.0572934403460530     
   1.5691382765531061        1.0845524375315614     
   1.5811623246492985        1.0408373793651158     
   1.5931863727454909        1.0525063645952715     
   1.6052104208416833        1.0548864175200707     
   1.6172344689378757        1.0114408745954808     
   1.6292585170340681        1.0625194508169238     
   1.6412825651302605        1.0592468051559845     
   1.6533066132264529        1.0085446241580329     
   1.6653306613226453        1.1034795992752611     
   1.6773547094188377        1.0998375229577071     
   1.6893787575150301        1.0583462102375214     
   1.7014028056112225        1.0367640416608011     
   1.7134268537074149        1.0722156237320255     
   1.7254509018036073        1.0294494233010156     
   1.7374749498997997        1.0280539498944889     
   1.7494989979959921        1.0384848312513055     
   1.7615230460921842        1.0467042587035567     
   1.7735470941883766        1.0130434667944217     
   1.7855711422845690        1.0326061219815965     
   1.7975951903807614        1.0357250674444407     
   1.8096192384769538        1.0223542056505504     
   1.8216432865731462        1.0544657049192656     
   1.8336673346693386        1.0014620512576855     
   1.8456913827655310        1.0498593227577002     
   1.8577154308617234        1.0010664414242965     
   1.8697394789579158        1.0347336631936985     
   1.8817635270541082        1.0481989266033180     
   1.8937875751503006        1.0108404920562963     
   1.9058116232464930        1.0078283816203553     
   1.9178356713426854       0.98163126631037323     
   1.9298597194388778        1.0365897010081471     
   1.9418837675350702        1.0355497947576415     
   1.9539078156312626        1.0460699706381342     
   1.9659318637274550        1.0091937138125839     
   1.9779559118236474       0.98766282845050757     
   1.9899799599198396        1.0044707886088216     
   2.0020040080160322        1.0386739634054523     
   2.0140280561122244       0.98455033330540154     
   2.0260521042084170       0.99034636408200916     
   2.0380761523046091        1.0131795982443081     
   2.0501002004008018        1.0086327331156113     
   2.0621242484969939        1.0249751015650708     
   2.0741482965931866        1.0155040407676492     
   2.0861723446893787       0.98789787311883936     
   2.0981963927855709        1.0220553718489378     
   2.1102204408817635        1.0331621186754505     
   2.1222444889779557        1.0098774078382176     
   2.1342685370741483        1.0397096828149763     
   2.1462925851703405       0.99453061296717526     
   2.1583166332665331        1.0025154914109575     
   2.1703406813627253        1.0406721092245588     
   2.1823647294589179       0.99056830031160703     
   2.1943887775551101       0.99815696342513771     
   2.2064128256513027        1.0097251175449455     
   2.2184368737474949       0.97617206418454228     
   2.2304609218436875       0.99538175925085415     
   2.2424849699398797       0.97546743098074340     
   2.2545090180360723        1.0120586856673597     
   2.2665330661322645       0.99205487977175855     
   2.2785571142284571        1.0085447747172305     
   2.2905811623246493        1.0198679111089284     
   2.3026052104208419       0.99745164064150083     
   2.3146292585170340       0.99730064526744611     
   2.3266533066132262        1.0367902593972085     
   2.3386773547094188        1.0120227909099626     
   2.3507014028056110        1.0366701042510684     
   2.3627254509018036        1.0092434451447625     
   2.3747494989979958       0.98130978244745903     
   2.3867735470941884        1.0251285089375410     
   2.3987975951903806        1.0055918836663222     
   2.4108216432865732        1.0018451645660456     
   2.4228456913827654        1.0021899614293688     
   2.4348697394789580       0.98042762917386372     
   2.4468937875751502       0.95638539695618108     
   2.4589178356713428        1.0303475786861920     
   2.4709418837675350       0.99353231653160967     
   2.4829659318637276       0.99057127445861093     
   2.4949899799599198        1.0267021821296425     
   2.5070140280561124        1.0080144977056649     
   2.5190380761523046        1.0091635561655992     
   2.5310621242484967       0.97617417546966956     
   2.5430861723446894        1.0378043405555113     
   2.5551102204408815       0.99880603747754459     
   2.5671342685370742        1.0075841798364649     
   2.5791583166332663       0.98283061091490820     
   2.5911823647294590        1.0035298275294104     
   2.6032064128256511       0.98723508254054881     
   2.6152304609218437        1.0154102053489271     
   2.6272545090180359        1.0367708552743349     
   2.6392785571142285        1.0126577061420343     
   2.6513026052104207        1.0034934458386806     
   2.6633266533066133        1.0223393797524130     
   2.6753507014028055        1.0360418609299855     
   2.6873747494989981        1.0170320707405924     
   2.6993987975951903       0.98958246025924324     
   2.7114228456913829       0.98283535523150545     
   2.7234468937875751       0.99287485462655922     
   2.7354709418837677        1.0034598656577622     
   2.7474949899799599       0.98912397476912373     
   2.7595190380761521        1.0067976222031410     
   2.7715430861723447       0.99674885597963725     
   2.7835671342685369       0.98096698835795115     
   2.7955911823647295        1.0025115186105609     
   2.8076152304609217        1.0060573187794437     
   2.8196392785571143       0.98734292187002304     
   2.8316633266533064       0.95813432372174334     
   2.8436873747494991       0.99869000173749145     
   2.8557114228456912       0.99921929926261321     
   2.8677354709418839       0.99611055323426356     
   2.8797595190380760       0.97231946456127649     
   2.8917835671342687        1.0024507211014799     
   2.9038076152304608        1.0098052247891218     
   2.9158316633266534       0.99119838386477921     
   2.9278557114228456        1.0090663624186194     
   2.9398797595190382       0.99083267850766010     
   2.9519038076152304        1.0199591048945944     
   2.9639278557114230       0.99293642293916184     
   2.9759519038076152       0.99917720215609085     
   2.9879759519038074       0.97625389023168307     
   3.0000000000000000       0.98372780754478462     
   3.0120240480961922       0.99393356020758561     
   3.0240480961923848        1.0013356542771545     
   3.0360721442885770        1.0009431049266440     
   3.0480961923847696        1.0050528384624606     
   3.0601202404809618        1.0094313950004921     
   3.0721442885771544       0.99311372300951384     
   3.0841683366733466        1.0117976388656538     
   3.0961923847695392        1.0134412149762166     
   3.1082164328657313       0.99937889578761874     
   3.1202404809619240        1.0079218413084876     
   3.1322645290581161        1.0003142112177723     
   3.1442885771543088        1.0116510309172337     
   3.1563126252505009       0.99882286169692724     
   3.1683366733466936        1.0009953499486552     
   3.1803607214428857        1.0131094588044700     
   3.1923847695390779       0.99366806060096224     
   3.2044088176352705       0.99021053075936971     
   3.2164328657314627        1.0184240182930533     
   3.2284569138276553       0.99165597144829154     
   3.2404809619238475       0.99286303647900398     
   3.2525050100200401       0.99714158298822519     
   3.2645290581162323        1.0090106567111383     
   3.2765531062124249       0.97631083004219943     
   3.2885771543086171        1.0090240853681023     
   3.3006012024048097       0.97319735448047406     
   3.3126252505010019       0.99784589987013761     
   3.3246492985971945       0.99670935690642859     
   3.3366733466933867       0.98463758256553369     
   3.3486973947895793        1.0167108357185379     
   3.3607214428857715        1.0099519113058752     
   3.3727454909819641        1.0006650036889604     
   3.3847695390781563        1.0011094326157328     
   3.3967935871743489       0.99029047448862928     
   3.4088176352705410       0.99681754161579306     
   3.4208416833667332       0.98069061931670032     
   3.4328657314629258       0.97277153584913001     
   3.4448897795591180       0.99396468857765286     
   3.4569138276553106       0.99724102480196952     
   3.4689378757515028        1.0212317548772891     
   3.4809619238476954       0.99026483252677933     
   3.4929859719438876        1.0083365593567772     
   3.5050100200400802       0.99920929528542313     
   3.5170340681362724        1.0032335551920541     
   3.5290581162324650       0.99668270254431390     
   3.5410821643286572       0.98348863901303907     
   3.5531062124248498       0.99170143295793678     
   3.5651302605210420        1.0164174311537986     
   3.5771543086172346       0.99795761465895383     
   3.5891783567134268       0.98528151893696403     
   3.6012024048096194        1.0014166870313015     
   3.6132264529058116        1.0077371896278313     
   3.6252505010020042       0.98004397975899238     
   3.6372745490981964       0.99815074744528831     
   3.6492985971943885       0.99414489904078562     
   3.6613226452905812        1.0206994511600813     
   3.6733466933867733        1.0290246663001859     
   3.6853707414829660       0.99269088124313865     
   3.6973947895791581        1.0076162698093571     
   3.7094188376753507       0.99630260210718247     
   3.7214428857715429        1.0139260586915082     
   3.7334669338677355        1.0114835614419091     
   3.7454909819639277        1.0009479500380882     
   3.7575150300601203        1.0127490929259890     
   3.7695390781563125        1.0019782325561843     
   3.7815631262525051       0.99998880513454080     
   3.7935871743486973        1.0221764524495136     
   3.8056112224448899        1.0088983319241669     
   3.8176352705410821       0.98999484137232052     
   3.8296593186372747       0.97471904107293805     
   3.8416833667334669        1.0227777491119017     
   3.8537074148296591        1.0043872751830123     
   3.8657314629258517       0.98711833492176948     
   3.8777555110220439        1.0070131119111287     
   3.8897795591182365       0.98216354370645687     
   3.9018036072144286       0.99038193516838391     
   3.9138276553106213       0.99039157479127704     
   3.9258517034068134        1.0091914484889029     
   3.9378757515030061        1.0131547465326758     
   3.9498997995991982       0.99927206886169240     
   3.9619238476953909        1.0087145223187250     
   3.9739478957915830       0.99736461855861114     
   3.9859719438877756       0.98978226670145664     
   3.9979959919839678        1.0017605182789464     
   4.0100200400801604        1.0006400374389763     
   4.0220440881763526        1.0078074270894926     
   4.0340681362725448       0.99845549075392559     
   4.0460921843687379        1.0012796082159636     
   4.0581162324649300        1.0137170830508953     
   4.0701402805611222        1.0029328219214553     
   4.0821643286573144        1.0022861632642401     
   4.0941883767535066        1.0042069394261914     
   4.1062124248496996       0.98889516172170733     
   4.1182364729458918        1.0059192259208141     
   4.1302605210420840       0.99407324849333611     
   4.1422845691382761        1.0213712539360815     
   4.1543086172344692       0.98648414879069102     
   4.1663326653306614        1.0077808109572046     
   4.1783567134268536        1.0002308793210910     
   4.1903807615230457       0.99592323271276761     
   4.2024048096192388       0.98855859008980429     
   4.2144288577154310       0.99150247168887751     
   4.2264529058116231        1.0179442164557932     
   4.2384769539078153        1.0027479992389285     
   4.2505010020040084       0.97807993177518804     
   4.2625250501002006       0.99753459349939633     
   4.2745490981963927       0.99392143508612385     
   4.2865731462925849       0.99039493108978149     
   4.2985971943887771        1.0142085384425279     
   4.3106212424849701       0.97344083502896717     
   4.3226452905811623        1.0133590003956665     
   4.3346693386773545        1.0009079519027853     
   4.3466933867735467        1.0080136072815580     
   4.3587174348697397       0.99545882459633162     
   4.3707414829659319       0.99361932446785795     
   4.3827655310621241       0.98835239701319322     
   4.3947895791583163       0.99495889040464147     
   4.4068136272545093        1.0010688921479878     
   4.4188376753507015       0.98672058135707796     
   4.4308617234468937       0.99550131494424776     
   4.4428857715430858        1.0056124656103369     
   4.4549098196392789       0.99961857282192568     
   4.4669338677354711       0.98962944008858833     
   4.4789579158316633        1.0074436720266100     
   4.4909819639278554        1.0095528254636368     
   4.5030060120240485        1.0049534574119066     
   4.5150300601202407       0.98271083397836545     
   4.5270541082164328       0.99718948064010993     
   4.5390781563126250       0.99754139190256508     
   4.5511022044088172       0.99710726906073799     
   4.5631262525050102        1.0021235391881167     
   4.5751503006012024        1.0001759802843873     
   4.5871743486973946       0.98672754444711885     
   4.5991983967935868        1.0164545930605537     
   4.6112224448897798       0.98822460684164204     
   4.6232464929859720        1.0017592883267399     
   4.6352705410821642        1.0124419804835654     
   4.6472945891783564       0.99268191120459215     
   4.6593186372745494        1.0016513826353535     
   4.6713426853707416       0.99446975262109616     
   4.6833667334669338        1.0150254331050441     
   4.6953907815631259        1.0083381364002850     
   4.7074148296593190        1.0160188473523417     
   4.7194388777555112        1.0181470069561362     
   4.7314629258517034       0.99860774508466255     
   4.7434869739478955        1.0080518591741627     
   4.7555110220440877       0.98858385659981629     
   4.7675350701402808        1.0040599098198739     
   4.7795591182364729        1.0117042398685911     
   4.7915831663326651       0.99024369863587502     
   4.8036072144288573        1.0071670775016510     
   4.8156312625250504       0.99067281080904745     
   4.8276553106212425       0.98150045975772293     
   4.8396793587174347        1.0024018019315521     
   4.8517034068136269        1.0094649155937507     
   4.8637274549098199        1.0136587322847901     
   4.8757515030060121        1.0019705623171224     
   4.8877755511022043        1.0031377540798143     
   4.8997995991983965        1.0040446766514095     
   4.9118236472945895       0.99234963588314784     
   4.9238476953907817        1.0180344760700448     
   4.9358717434869739       0.99357579491013204     
   4.9478957915831661       0.98926341221914849     
   4.9599198396793582        1.0050827729359160     
   4.9719438877755513        1.0093328276500440     
   4.9839679358717435       0.99879361875329953     
   4.9959919839679356        1.0062435582480582     
   5.0080160320641278        1.0054515947506528     
   5.0200400801603209        1.0100238121421616     
   5.0320641282565131       0.99195863210927360     
   5.0440881763527052        1.0119885114736196     
   5.0561122244488974        1.0025117171419626     
   5.0681362725450905        1.0022748384914908     
   5.0801603206412826       0.99934197238891886     
   5.0921843687374748        1.0094026299065895     
   5.1042084168336670        1.0104559652222529     
   5.1162324649298601        1.0107065168131883     
   5.1282565130260522       0.99810527166026974     
   5.1402805611222444        1.0036381001214445     
   5.1523046092184366        1.0047832286570793     
   5.1643286573146296        1.0094020716419254     
   5.1763527054108218        1.0144339042456736     
   5.1883767535070140        1.0096107671146974     
   5.2004008016032062       0.99124380850527161     
   5.2124248496993983        1.0055466084934819     
   5.2244488977955914       0.99430112595904863     
   5.2364729458917836        1.0038774874068452     
   5.2484969939879758       0.98752147814523150     
   5.2605210420841679       0.99886927964332828     
   5.2725450901803610       0.99219218281183441     
   5.2845691382765532        1.0005864533737943     
   5.2965931863727453       0.98620163122145754     
   5.3086172344689375        1.0009810663533394     
   5.3206412825651306        1.0099146505207777     
   5.3326653306613228        1.0105224436572797     
   5.3446893787575149        1.0056624038802950     
   5.3567134268537071        1.0074123951815785     
   5.3687374749499002       0.99126987879551165     
   5.3807615230460923        1.0016867040339246     
   5.3927855711422845       0.99609124543819971     
   5.4048096192384767       0.99543905792435294     
   5.4168336673346689       0.99927710604209841     
   5.4288577154308619       0.98906969530123190     
   5.4408817635270541       0.98827433067119907     
   5.4529058116232463       0.99737864642063023     
   5.4649298597194385        1.0102759582570029     
   5.4769539078156315        1.0127423260985295     
   5.4889779559118237        1.0021976288095571     
   5.5010020040080159       0.98703945318668729     
   5.5130260521042080       0.98554389436308332     
   5.5250501002004011        1.0000283116943236     
   5.5370741482965933        1.0032539732154422     
   5.5490981963927855        1.0089897106985513     
   5.5611222444889776        1.0020948400259557     
   5.5731462925851707        1.0055714511278553     
   5.5851703406813629       0.99836738942287029     
   5.5971943887775550        1.0078716201022615     
   5.6092184368737472        1.0033746020196770     
   5.6212424849699394       0.99753966355922952     
   5.6332665330661325        1.0071137461298554     
   5.6452905811623246       0.98709710470024914     
   5.6573146292585168        1.0007010666393870     
   5.6693386773547090        1.0148528783940476     
   5.6813627254509020       0.98661228739463036     
   5.6933867735470942       0.99535557212929127     
   5.7054108216432864        1.0097788471642961     
   5.7174348697394786       0.98835635125107713     
   5.7294589178356716       0.99726818307027487     
   5.7414829659318638        1.0115800554680994     
   5.7535070140280560        1.0080775290710760     
   5.7655310621242482       0.99327552459273005     
   5.7775551102204412        1.0024276359420132     
   5.7895791583166334       0.99562278383575442     
   5.8016032064128256       0.99524915775149647     
   5.8136272545090177       0.99655187538519885     
   5.8256513026052108        1.0078844012808550     
   5.8376753507014030       0.98568955556191662     
   5.8496993987975952       0.98722283892831908     
   5.8617234468937873        1.0041863156204021     
   5.8737474949899795        1.0035060670454974     
   5.8857715430861726       0.99954139346166737     
   5.8977955911823647        1.0008952079538245     
   5.9098196392785569       0.99360413951466320     
   5.9218436873747491       0.99495458362695677     
   5.9338677354709422        1.0085869555043210     
   5.9458917835671343        1.0009104240286488     
   5.9579158316633265       0.99988494799789196     
   5.9699398797595187        1.0086520332188356     
   5.9819639278557117        1.0130200282963064     
   5.9939879759519039        1.0091180418765511     
